0.000000000000000000e+00 0.000000000000000000e+00
8.000000000000000167e-02 1.066335590129133953e-02
1.600000000000000033e-01 1.875470045207835654e-02
2.399999999999999911e-01 1.264236904129121229e-02
3.200000000000000067e-01 1.037821097934128745e-02
4.000000000000000222e-01 8.102000228554321129e-03
4.800000000000000377e-01 6.952672766804802833e-03
5.600000000000000533e-01 5.858725595140257779e-03
6.400000000000000133e-01 5.059651620981838946e-03
7.200000000000000844e-01 4.520474867777924191e-03
8.000000000000000444e-01 3.965333323232310414e-03
8.800000000000000044e-01 3.752666879705940459e-03
9.600000000000000755e-01 3.580016460541243697e-03
1.040000000000000036e+00 3.507198052922583850e-03
1.120000000000000107e+00 4.045786624170723787e-03
1.199999999999999956e+00 4.768311071065131981e-03
1.280000000000000027e+00 1.092663208869429792e-03
1.360000000000000098e+00 8.634928756731887920e-04
1.439999999999999947e+00 7.881473276241151215e-04
1.520000000000000018e+00 7.354299584237967155e-04
1.600000000000000089e+00 6.918874837128658481e-04
1.680000000000000160e+00 6.537658356377508894e-04
1.760000000000000009e+00 6.194796315906528610e-04
1.840000000000000080e+00 5.881727770760966992e-04
1.920000000000000151e+00 5.593055622848567632e-04
2.000000000000000000e+00 5.325023943650733851e-04
2.080000000000000071e+00 5.074845230542354441e-04
2.160000000000000142e+00 4.840358991281867363e-04
2.240000000000000213e+00 4.619838650504529934e-04
2.320000000000000284e+00 4.411872714688369417e-04
2.399999999999999911e+00 4.215286698473408506e-04
2.479999999999999982e+00 4.029089185191819366e-04
2.560000000000000053e+00 3.852433089126298623e-04
2.640000000000000124e+00 3.684586985988083608e-04
2.720000000000000195e+00 3.524913387415451460e-04
2.800000000000000266e+00 3.372851963926571761e-04
2.879999999999999893e+00 3.227906388890865370e-04
2.959999999999999964e+00 3.089633890067402210e-04
3.040000000000000036e+00 2.957636862086312525e-04
3.120000000000000107e+00 2.831556071160125690e-04
3.200000000000000178e+00 2.711065105436032325e-04
3.280000000000000249e+00 2.595865810343061359e-04
3.359999999999999876e+00 2.485684510075116742e-04
3.439999999999999947e+00 2.380268861594837793e-04
3.520000000000000018e+00 2.279385221204669907e-04
3.600000000000000089e+00 2.182816429124515402e-04
3.680000000000000160e+00 2.090359936904882582e-04
3.760000000000000231e+00 2.001826217469568998e-04
3.840000000000000302e+00 1.917037409243125623e-04
3.919999999999999929e+00 1.835826154983227787e-04
4.000000000000000000e+00 1.758034603197095253e-04
4.080000000000000071e+00 1.683513545811111782e-04
4.159999999999999254e+00 1.612121670410937807e-04
4.239999999999999325e+00 1.543724909122828621e-04
4.319999999999999396e+00 1.478195869254475222e-04
4.399999999999999467e+00 1.415413333300375820e-04
4.479999999999999538e+00 1.355261817955370014e-04
4.559999999999999609e+00 1.297631183458273845e-04
4.639999999999999680e+00 1.242416285974710368e-04
4.719999999999999751e+00 1.189516666878963293e-04
4.799999999999999822e+00 1.138836273752385727e-04
4.879999999999999893e+00 1.090283208715485565e-04
4.959999999999999964e+00 1.043769500380201413e-04
5.040000000000000036e+00 9.992108962707101788e-05
5.120000000000000107e+00 9.565266730338041132e-05
5.199999999999999289e+00 9.156394621582709015e-05
5.279999999999999361e+00 8.764750892593205971e-05
5.359999999999999432e+00 8.389624252687229416e-05
5.439999999999999503e+00 8.030332481125815130e-05
5.519999999999999574e+00 7.686221136632344787e-05
5.599999999999999645e+00 7.356662349255589054e-05
5.679999999999999716e+00 7.041053685656411230e-05
5.759999999999999787e+00 6.738817080154203072e-05
5.839999999999999858e+00 6.449397824938772562e-05
5.919999999999999929e+00 6.172263613764270083e-05
6.000000000000000000e+00 5.906903634217992302e-05
6.080000000000000071e+00 5.652827704318338892e-05
6.160000000000000142e+00 5.409565449760420119e-05
6.239999999999999325e+00 5.176665518608482790e-05
6.319999999999999396e+00 4.953694830644653343e-05
6.399999999999999467e+00 4.740237858933161476e-05
6.479999999999999538e+00 4.535895941457644584e-05
6.559999999999999609e+00 4.340286620943544659e-05
6.639999999999999680e+00 4.153043011194915309e-05
6.719999999999999751e+00 3.973813188460050141e-05
6.799999999999999822e+00 3.802259606498774894e-05
6.879999999999999893e+00 3.638058534159126494e-05
6.959999999999999964e+00 3.480899514386786637e-05
7.040000000000000036e+00 3.330484843689303273e-05
7.120000000000000107e+00 3.186529071161844115e-05
7.199999999999999289e+00 3.048758516253699801e-05
7.279999999999999361e+00 2.916910804517236890e-05
7.359999999999999432e+00 2.790734420634733611e-05
7.439999999999999503e+00 2.669988278064978497e-05
7.519999999999999574e+00 2.554441304691889084e-05
7.599999999999999645e+00 2.443872043892476699e-05
7.679999999999999716e+00 2.338068270472289643e-05
7.759999999999999787e+00 2.236826620943527363e-05
7.839999999999999858e+00 2.139952237645031629e-05
7.919999999999999929e+00 2.047258426224781152e-05
8.000000000000000000e+00 1.958566326024781693e-05
8.080000000000000071e+00 1.873704592925689195e-05
8.160000000000000142e+00 1.792509094224434453e-05
8.240000000000000213e+00 1.714822615132816606e-05
8.320000000000000284e+00 1.640494576498656705e-05
8.400000000000000355e+00 1.569380763363802041e-05
8.480000000000000426e+00 1.501343063985351951e-05
8.560000000000000497e+00 1.436249218957810810e-05
8.640000000000000568e+00 1.373972580084756099e-05
8.720000000000000639e+00 1.314391878659034704e-05
8.799999999999998934e+00 1.257391002820556766e-05
8.879999999999999005e+00 1.202858783670444579e-05
8.959999999999999076e+00 1.150688789829788946e-05
9.039999999999999147e+00 1.100779130140384199e-05
9.119999999999999218e+00 1.053032264213811844e-05
9.199999999999999289e+00 1.007354820544006797e-05
9.279999999999999361e+00 9.636574219069493928e-06
9.359999999999999432e+00 9.218545177795866015e-06
9.439999999999999503e+00 8.818642235182191434e-06
9.519999999999999574e+00 8.436081660447038969e-06
9.599999999999999645e+00 8.070113357966584124e-06
9.679999999999999716e+00 7.720019447056128338e-06
9.759999999999999787e+00 7.385112899746015077e-06
9.839999999999999858e+00 7.064736234341050439e-06
9.919999999999999929e+00 6.758260262625056322e-06
1.000000000000000000e+01 6.465082888643099515e-06
1.008000000000000007e+01 6.184627957063232412e-06
1.016000000000000014e+01 5.916344149187534325e-06
1.024000000000000021e+01 5.659703924748052532e-06
1.032000000000000028e+01 5.414202507688113966e-06
1.040000000000000036e+01 5.179356914192202046e-06
1.048000000000000043e+01 4.954705021288975956e-06
1.056000000000000050e+01 4.739804674411635711e-06
1.064000000000000057e+01 4.534232832358051223e-06
1.072000000000000064e+01 4.337584748149420773e-06
1.079999999999999893e+01 4.149473184341158575e-06
1.087999999999999901e+01 3.969527661393035287e-06
1.095999999999999908e+01 3.797393737757299013e-06
1.103999999999999915e+01 3.632732320393639819e-06
1.111999999999999922e+01 3.475219004468561368e-06
1.119999999999999929e+01 3.324543441043802646e-06
1.127999999999999936e+01 3.180408731604062484e-06
1.135999999999999943e+01 3.042530848318476527e-06
1.143999999999999950e+01 2.910638078972969368e-06
1.151999999999999957e+01 2.784470495551872452e-06
1.159999999999999964e+01 2.663779445487197780e-06
1.167999999999999972e+01 2.548327064632366575e-06
1.175999999999999979e+01 2.437885811054485685e-06
1.183999999999999986e+01 2.332238018775181619e-06
1.191999999999999993e+01 2.231175470624580579e-06
1.200000000000000000e+01 2.134498989406499258e-06
1.208000000000000007e+01 2.042018046605067527e-06
1.216000000000000014e+01 1.953550387894062699e-06
1.224000000000000021e+01 1.868921674740120733e-06
1.232000000000000028e+01 1.787965141419762998e-06
1.240000000000000036e+01 1.710521266797919681e-06
1.248000000000000043e+01 1.636437460242273081e-06
1.256000000000000050e+01 1.565567761073413126e-06
1.264000000000000057e+01 1.497772550975483201e-06
1.272000000000000064e+01 1.432918278815730947e-06
1.280000000000000071e+01 1.370877197344173892e-06
1.287999999999999901e+01 1.311527111266556445e-06
1.295999999999999908e+01 1.254751136204796077e-06
1.303999999999999915e+01 1.200437468079430457e-06
1.311999999999999922e+01 1.148479162467937742e-06
1.319999999999999929e+01 1.098773923511555094e-06
1.327999999999999936e+01 1.051223901961087180e-06
1.335999999999999943e+01 1.005735501969451539e-06
1.343999999999999950e+01 9.622191962551841781e-07
1.351999999999999957e+01 9.205893492770213124e-07
1.359999999999999964e+01 8.807640480748400461e-07
1.367999999999999972e+01 8.426649404468633250e-07
1.375999999999999979e+01 8.062170801470018512e-07
1.383999999999999986e+01 7.713487787996502908e-07
1.391999999999999993e+01 7.379914642420916741e-07
1.400000000000000000e+01 7.060795450170399975e-07
1.408000000000000007e+01 6.755502807496441636e-07
1.416000000000000014e+01 6.463436581546350073e-07
1.424000000000000021e+01 6.184022724301563268e-07
1.432000000000000028e+01 5.916712138052382866e-07
1.440000000000000036e+01 5.660979590178409240e-07
1.448000000000000043e+01 5.416322675099716225e-07
1.456000000000000050e+01 5.182260821355239257e-07
1.464000000000000057e+01 4.958334341852791694e-07
1.472000000000000064e+01 4.744103525418968759e-07
1.480000000000000071e+01 4.539147767857892688e-07
1.487999999999999901e+01 4.343064740804747973e-07
1.495999999999999908e+01 4.155469596733973527e-07
1.503999999999999915e+01 3.975994208552578759e-07
1.511999999999999922e+01 3.804286442276970448e-07
1.519999999999999929e+01 3.640009461356223834e-07
1.527999999999999936e+01 3.482841061267044403e-07
1.535999999999999943e+01 3.332473033065009963e-07
1.543999999999999950e+01 3.188610554633474568e-07
1.551999999999999957e+01 3.050971608426148965e-07
1.559999999999999964e+01 2.919286424551329228e-07
1.567999999999999972e+01 2.793296948095741350e-07
1.575999999999999979e+01 2.672756329633684549e-07
1.583999999999999986e+01 2.557428437912868258e-07
1.591999999999999993e+01 2.447087393752027770e-07
1.600000000000000000e+01 2.341517124227373940e-07
1.607999999999999829e+01 2.240510936264855712e-07
1.616000000000000014e+01 2.143871108793623962e-07
1.623999999999999844e+01 2.051408502652765930e-07
1.632000000000000028e+01 1.962942187478419950e-07
1.639999999999999858e+01 1.878299084832026425e-07
1.648000000000000043e+01 1.797313626862541290e-07
1.655999999999999872e+01 1.719827429826239724e-07
1.664000000000000057e+01 1.645688981817092897e-07
1.671999999999999886e+01 1.574753344088875458e-07
1.680000000000000071e+01 1.506881865377079686e-07
1.687999999999999901e+01 1.441941908654449041e-07
1.696000000000000085e+01 1.379806589778595683e-07
1.703999999999999915e+01 1.320354527513735486e-07
1.712000000000000099e+01 1.263469604431123164e-07
1.719999999999999929e+01 1.209040738214340585e-07
1.728000000000000114e+01 1.156961662916201683e-07
1.735999999999999943e+01 1.107130719733825090e-07
1.744000000000000128e+01 1.059450656887246443e-07
1.751999999999999957e+01 1.013828438205047901e-07
1.760000000000000142e+01 9.701750600377282732e-08
1.767999999999999972e+01 9.284053761360787761e-08
1.776000000000000156e+01 8.884379301476173438e-08
1.783999999999999986e+01 8.501947953992700975e-08
1.792000000000000171e+01 8.136014216489320836e-08
1.800000000000000000e+01 7.785864885023761984e-08
1.807999999999999829e+01 7.450817652052082855e-08
1.816000000000000014e+01 7.130219765322153741e-08
1.823999999999999844e+01 6.823446745085664647e-08
1.832000000000000028e+01 6.529901157088672817e-08
1.839999999999999858e+01 6.249011438911882530e-08
1.848000000000000043e+01 5.980230777337307983e-08
1.855999999999999872e+01 5.723036034519447951e-08
1.864000000000000057e+01 5.476926720835900230e-08
1.871999999999999886e+01 5.241424012384990088e-08
1.880000000000000071e+01 5.016069811186466150e-08
1.887999999999999901e+01 4.800425846226312935e-08
1.896000000000000085e+01 4.594072813567384003e-08
1.903999999999999915e+01 4.396609553825444354e-08
1.912000000000000099e+01 4.207652265384060063e-08
1.919999999999999929e+01 4.026833751792796887e-08
1.928000000000000114e+01 3.853802701860952831e-08
1.935999999999999943e+01 3.688223001023889408e-08
1.944000000000000128e+01 3.529773072621051606e-08
1.951999999999999957e+01 3.378145247784060251e-08
1.960000000000000142e+01 3.233045162690018882e-08
1.967999999999999972e+01 3.094191181989386089e-08
1.976000000000000156e+01 2.961313847269643692e-08
1.983999999999999986e+01 2.834155349465692102e-08
1.992000000000000171e+01 2.712469024175223279e-08
2.000000000000000000e+01 2.596018868882847364e-08
